6 25 19 12 40 12 2 48 34 41 20 37 16 8 50 29 36 33 42 30 10 8 41 13 31 33 43
4 23 22 11 48 21 5 48 5 11 38 40 8 33 21 50 4 11 23 34 30 24 30 24 50
7 14 38 17 8 20 40 37 26 40 48 11 36 33 44 47
4 8 3 14 32 35 2 43 38 18
2 9 22 32 36 3 10 42 49 48 19
5 10 48 48 24 16 11 44 7 7 46 28
5 11 38 33 2 2 15 26 43 33 44 33 32
5 6 40 21 47 32 47 8
6 24 3 20 39 1 49 23 43 3 41 29 48 40 28 3 4 27 41 1 40 13 46 40 20 31
9 17 22 46 31 16 17 10 17 30 8 18 41 4 38 9 41 16 36
2 12 37 4 7 25 48 10 33 14 6 50 38 32
5 3 23 15 37
8 25 31 24 22 25 28 7 31 14 13 30 49 11 36 30 27 3 18 32 33 47 34 2 46 26 22
4 18 15 22 20 17 2 44 29 3 18 35 37 47 29 25 26 18 8 37
6 7 25 46 27 24 25 39 43
5 11 29 38 14 35 40 32 42 34 23 48 2
4 22 14 20 44 26 47 45 26 7 22 7 8 34 8 3 7 14 48 32 10 4 33 14
2 19 30 23 21 14 7 40 4 38 7 36 38 12 29 42 2 43 18 33 23
8 5 25 20 13 50 28
7 7 46 45 21 40 14 36 42
5 16 44 42 48 11 4 1 8 1 20 26 30 41 41 5 28 34
2 21 48 1 36 10 40 48 37 7 33 4 32 1 36 42 5 40 50 40 10 42 19
3 11 7 14 24 37 29 23 1 27 42 41 11
9 9 27 24 8 5 27 39 48 12 48
9 20 8 8 22 44 21 43 48 35 37 39 44 19 5 45 26 11 16 30 47 31
4 19 25 14 48 1 8 7 9 34 2 24 44 27 3 2 7 3 29 24 18
6 17 13 21 16 2 43 2 6 8 48 42 44 12 19 8 11 49 17
6 20 29 29 24 47 3 25 10 47 43 24 29 50 39 27 50 21 17 21 32 43
3 2 8 10
9 9 47 17 25 17 2 44 9 25 38
2 20 3 1 15 15 1 18 38 15 6 12 26 12 26 25 11 12 21 40 36 32
3 21 30 33 20 38 13 11 41 22 4 37 21 44 13 10 48 30 39 2 6 1 28
7 22 10 33 12 1 24 38 46 35 28 37 22 43 2 33 19 49 3 18 19 14 14 24
4 11 3 10 45 11 4 21 20 34 38 27 30
4 4 17 21 11 8
6 5 3 32 28 37 40
4 23 31 23 41 11 27 19 10 3 4 27 49 41 36 9 33 41 1 22 21 35 34 27 24
5 19 35 26 25 11 36 10 41 42 3 27 6 32 18 14 41 41 20 45 26
8 24 20 16 21 31 19 43 21 44 12 17 4 30 33 35 46 38 44 6 34 32 41 5 24 30
5 9 7 25 35 9 6 20 3 2 44
5 13 25 11 49 49 13 19 47 39 41 35 13 48 7
4 14 46 36 11 17 39 34 7 49 8 23 18 5 14 1
4 24 45 24 39 20 45 16 19 39 48 50 32 19 33 23 17 8 43 34 40 49 1 14 13 50
5 21 22 13 13 5 50 29 1 45 21 38 29 26 39 17 7 1 34 7 24 8 29
4 3 50 28 48
6 6 50 9 29 24 3 48
3 8 6 36 18 47 14 14 20 45
6 7 34 38 14 28 30 47 8
8 9 2 1 30 50 24 36 26 6 7
5 19 27 8 8 29 38 47 32 12 1 4 9 28 26 37 13 6 23 21 15
6 11 19 3 40 6 32 46 7 5 47 22 32
4 21 48 50 32 21 2 38 25 2 9 7 31 5 21 18 6 11 50 21 12 29 50
6 3 23 27 28
2 25 46 45 25 33 1 4 45 18 22 27 22 33 14 17 50 23 32 43 35 16 45 38 27 32 2
5 15 32 33 43 6 15 27 46 34 46 17 28 37 20 15 37
8 6 41 9 46 15 34 13
7 6 14 43 48 23 45 33
6 24 20 14 27 8 34 45 11 4 19 4 6 12 30 2 37 28 7 3 39 14 11 39 32 13
3 20 48 46 30 30 12 8 4 34 2 2 47 45 4 42 38 6 7 2 35 38
3 16 43 32 9 1 48 33 43 46 25 47 47 3 21 17 19 24
7 14 27 50 35 16 31 8 44 43 3 47 18 5 16 16
4 13 24 45 39 10 21 7 38 3 6 42 5 47 9
7 10 39 50 11 9 1 36 35 21 39 16
7 13 23 40 37 47 42 39 7 43 31 47 30 6 39
8 23 10 40 36 4 35 4 20 28 33 36 6 20 38 5 49 8 48 49 48 48 20 47 21
2 3 32 6 9
5 20 26 1 33 28 21 32 27 4 44 48 13 7 49 26 9 45 24 21 14 3
8 25 16 40 25 27 13 40 37 8 29 22 47 31 27 16 18 18 29 1 5 38 33 20 28 36 4
3 16 17 18 3 50 13 19 20 20 43 33 24 4 41 44 1 16
8 25 7 48 43 5 17 28 14 29 2 20 28 45 47 34 25 48 11 7 29 40 8 9 19 17 38
9 18 30 30 32 20 17 2 30 37 40 30 25 42 9 25 14 15 3 9
4 10 16 18 39 16 39 8 34 40 42 42
7 3 23 9 45
9 13 10 26 36 4 24 19 15 2 2 48 41 39 45
2 5 33 8 25 50 35
4 24 21 34 22 45 20 35 39 18 24 16 37 24 3 20 4 5 5 16 13 28 46 33 5 32
4 15 6 16 24 37 30 3 33 3 32 28 44 32 34 48 24
6 16 46 8 6 10 46 28 17 48 32 45 13 35 16 23 17 48
6 7 4 46 20 40 33 42 45
7 3 27 32 49
5 3 48 13 16
2 22 46 15 30 11 14 25 28 36 43 18 44 8 16 22 10 17 42 18 50 6 1 5
8 18 12 1 18 27 9 5 41 2 29 30 14 6 1 46 47 31 43 13
3 24 27 16 16 14 41 9 5 16 40 34 8 21 1 23 45 35 23 49 42 16 49 8 48 28
7 24 50 21 17 11 30 34 5 33 40 6 47 11 43 35 1 40 18 14 13 15 30 49 18 35
5 2 39 14
6 22 19 37 48 27 14 49 26 15 26 46 37 10 13 29 34 14 42 19 15 35 49 14
9 21 13 6 16 48 35 35 11 24 8 22 11 19 28 50 11 19 11 39 12 30 22
6 21 49 19 24 12 25 26 7 44 8 46 23 4 13 27 7 10 14 34 31 4 17
5 11 12 7 9 20 14 39 35 36 42 21 11
7 7 21 7 35 34 3 10 42
8 22 50 41 8 44 15 13 20 20 35 2 12 32 12 45 50 41 47 5 13 44 5 15
9 22 3 5 33 24 35 47 31 37 29 38 10 19 47 4 3 29 13 12 11 24 27 37
4 22 11 24 22 2 26 16 3 21 25 6 28 5 32 1 9 29 16 44 46 12 49 10
2 5 20 39 39 32 39
3 10 8 12 40 37 44 23 38 9 35 26
2 5 15 38 10 17 16
6 25 25 21 28 15 45 39 34 29 29 45 13 39 21 11 13 20 43 21 48 33 16 46 38 6 16
3 17 43 36 12 38 25 40 32 50 44 40 6 9 23 37 22 49 33
6 23 50 35 27 23 49 49 50 37 42 50 15 37 42 26 7 39 50 48 16 50 32 15 44
0
