333
23 34
754 800 -308 -667 -113 55 -40 784 -962 3 -323 -224 -208 151 575 -968 222 490 911 -700 -1051 -565 566
30 56
-574 445 410 -61 1025 -156 -1078 630 309 460 -288 -1025 -813 -1045 -264 96 435 580 536 666 875 885 -970 -773 414 1087 101 -840 -549 -599
33 10
34 -208 -493 0 687 818 -641 -812 -271 1071 976 -1034 833 389 378 -961 749 33 -934 862 705 788 578 71 1086 160 1021 -642 -433 703 213 707 451
9 63
-290 -864 764 -1003 -838 552 258 -892 610
29 12
264 21 1087 -957 -79 -524 929 -934 -585 242 532 808 478 595 -160 -902 472 -139 635 901 -1078 1002 1094 -198 127 270 132 533 385
4 72
887 -809 816 -173
28 77
1071 877 806 421 533 -963 -65 -979 -786 1034 819 156 401 166 907 756 -980 166 -291 -751 500 611 -458 -121 41 -1021 -86 -369
6 65
-818 1053 -1070 -1109 744 1014
24 51
533 -155 -860 482 -959 1043 730 880 -214 -592 -627 759 1023 461 -827 702 -618 -178 -849 -124 27 508 -735 872
11 37
1045 -85 -14 -732 -927 -741 -160 848 -556 -726 -468
33 86
-148 -118 229 930 495 768 808 676 326 -570 73 -941 -648 -885 989 -1025 926 639 390 -13 -318 -570 -1019 -666 728 -657 -671 475 -342 -38 942 246 519
25 61
803 899 754 -193 -24 -784 465 -447 936 -158 145 -170 -241 -383 -506 255 1065 -45 -88 -515 596 470 -33 -661 806
10 80
-904 597 821 518 418 421 803 937 918 -89
2 32
895 -999
21 65
294 -432 -575 -694 589 1028 370 -947 182 -905 -696 -887 564 -563 370 35 176 -6 -523 -165 -568
21 81
-1069 -583 -848 -40 -554 -600 -359 -172 734 -484 -799 -275 1077 1042 625 -885 -743 915 506 -567 -461
16 106
-453 -544 757 882 -717 673 -1058 -903 417 -1002 5 828 1101 -1021 -358 798
2 67
-1005 856
22 65
-929 1024 -909 -903 -696 986 690 99 981 -347 -107 -763 283 -275 -344 1045 -771 -910 776 540 801 716
33 33
838 -624 46 -934 -469 965 297 977 725 770 694 293 -530 -553 186 545 -797 -903 -790 -368 -231 171 -465 997 -313 436 1097 512 416 539 -348 -403 969
9 3
11 -491 641 -482 621 -646 1041 83 287
16 55
928 -703 779 384 -119 -169 -56 -56 635 -794 791 -366 676 -226 296 820
25 42
773 786 339 252 -142 -714 -522 -163 -1090 326 717 422 -383 806 -599 828 -482 -818 13 -484 -32 -766 1055 589 120
21 5
-1073 -963 1077 1043 844 -169 237 -480 -164 -981 -845 117 659 729 -366 -713 -280 693 645 -98 470
10 25
-752 737 37 595 364 489 -931 10 -1053 305
11 45
-1094 678 -808 -848 981 -1027 -970 -250 857 33 -647
24 25
-195 755 -102 -1054 1053 532 -698 338 111 119 -774 -528 -132 -843 921 361 -543 476 378 856 -882 526 -784 272
8 99
938 -585 -729 -398 -97 -625 -113 -399
30 21
292 1029 -807 945 -882 356 315 866 -692 156 -261 589 556 -46 57 -363 -966 715 826 -408 -461 -128 350 405 -479 468 873 -435 658 -304
2 76
-1094 135
2 39
277 -189
5 63
-438 -1087 -757 935 -921
8 42
951 -126 744 39 -781 -651 -109 -496
16 23
269 -663 903 473 -879 -1096 -627 -519 -511 -1020 -713 -806 -887 672 -1074 922
24 113
110 -474 -850 -921 769 -465 -1081 221 -291 960 257 -238 648 -429 -282 -9 761 445 374 -6 720 -602 -45 161
21 84
-776 -419 -4 250 352 -358 241 411 700 758 -41 -261 613 -501 420 -987 -734 342 511 -118 -403
27 68
-399 562 -778 -487 -1055 52 296 -1051 -608 -345 -134 -430 144 -829 454 -1076 953 882 607 -467 494 -1003 -422 -71 336 -40 -493
13 105
789 1 -339 -1048 -337 -600 282 -941 -738 74 -933 -832 -530
10 25
235 -515 1005 -438 -512 363 -596 -124 284 -1029
9 21
-241 718 20 -149 -148 -1087 473 -413 71
11 11
-514 914 644 584 -1041 43 -33 300 -1016 601 -579
33 84
248 256 943 592 884 970 399 -851 -970 -812 3 -550 -6 -904 341 -496 -747 416 30 -572 -419 547 -154 261 -489 -968 668 -1033 647 -318 618 -773 750
17 23
-112 142 -922 871 -59 1044 -434 -820 -909 917 901 941 -177 612 -845 1038 36
15 35
-967 -528 532 501 -1052 -901 -998 636 -254 651 882 -387 1091 -973 495
15 9
145 514 -119 -603 20 -884 -1046 582 -200 341 617 591 717 -214 96
9 33
-827 -351 614 -208 -20 93 -26 -383 -735
14 61
-362 1003 -670 -790 -153 1063 394 541 1078 -238 385 -559 512 1004
5 43
69 880 -1109 649 213
6 19
480 509 1067 -422 309 828
22 68
-315 -561 669 -879 -961 374 -127 908 -383 -239 106 197 544 1099 -791 868 671 -996 -732 -879 -363 556
9 25
-112 -528 301 182 30 505 -953 -752 536
29 99
84 798 115 975 -816 781 -264 18 112 -947 512 1107 -510 792 -495 -887 -334 884 -534 587 597 -149 388 236 241 -230 174 293 -436
18 48
-1101 -474 199 1108 536 483 -354 -719 750 903 969 -812 146 -907 468 125 367 -113
9 95
-275 -142 142 645 686 373 -765 960 836
2 62
449 1021
25 55
856 798 -657 757 -486 -273 423 -959 -437 436 1068 161 460 -172 -1024 -286 297 722 556 990 -141 -840 -778 -656 -517
32 23
783 -437 -436 599 712 -654 448 -868 462 204 236 679 300 -150 147 -864 1081 135 -418 182 937 -318 962 -8 -385 1007 89 1023 1008 -202 -692 -1035
21 66
639 -821 -1004 184 309 -601 722 -169 -647 597 -307 -13 513 -361 937 97 -467 1019 705 -453 14
24 112
797 623 527 -560 286 -1038 -560 -508 186 752 -284 467 279 1023 1000 -572 998 -332 57 905 848 -678 -90 909
10 91
-555 814 -639 948 153 425 -713 776 -258 -451
30 110
-848 -101 987 294 -531 189 293 494 -976 548 84 -758 737 1047 66 -1108 -855 519 -416 -991 -634 -462 -397 857 794 738 970 -964 -170 196
7 32
-916 1019 30 -565 38 -1110 -795
19 113
785 39 915 440 311 -1094 756 664 -729 331 -665 1005 64 1013 589 -532 884 -450 -1019
10 76
-115 -351 659 -757 -298 -242 -523 1110 756 1109
24 6
751 -144 -214 -53 -926 -712 36 -474 276 -551 -526 -257 730 -755 -591 -820 849 -855 395 336 20 725 -582 1056
8 30
-174 -844 -448 325 786 41 -781 -656
28 66
-533 -198 130 587 193 878 -673 -973 -247 -1000 649 -543 513 554 251 820 467 1056 -477 -728 679 643 77 -466 -945 1024 -768 341
22 89
746 997 644 45 921 694 457 -847 -460 110 622 -866 622 327 -141 -265 664 1043 59 -531 -879 -68
14 9
109 -376 343 904 158 22 -768 -661 21 -700 341 605 676 -891
23 91
-1083 821 878 378 -233 -708 958 -606 407 -758 668 984 983 990 419 734 -1053 176 538 -881 238 -1002 -961
31 53
-828 -1075 935 772 -555 -701 -332 803 427 -1052 704 -84 -545 -145 122 180 -734 271 -62 654 -566 295 -348 -445 -843 -224 978 1046 810 -154 -745
28 78
353 -154 -320 -236 -885 292 456 699 262 -799 1032 -34 -961 882 538 -899 -161 -745 -110 -915 -220 -7 -946 -814 64 177 -175 -774
12 101
423 766 833 -601 -534 -546 -846 -851 613 1109 242 282
20 39
260 525 -601 -641 732 326 -174 171 517 927 1028 781 -643 -304 254 -864 747 -841 -992 -91
16 41
-762 -443 -853 -381 818 397 847 -682 1013 898 1040 -802 -841 -475 354 143
27 30
-1081 440 -70 299 -261 -883 -95 -507 -192 666 287 454 -19 683 1105 -124 -484 -390 -602 -1061 -441 -291 60 -722 430 777 53
25 100
-956 362 -488 1083 831 906 345 -295 608 -84 -572 701 228 342 171 617 500 868 635 343 336 309 817 804 267
30 62
-435 -357 897 -833 840 152 -682 238 -563 -59 605 442 557 -890 246 -245 186 330 923 -1093 46 -365 108 922 426 -826 -706 -1084 -189 710
30 68
351 -412 -588 34 175 -567 141 -1051 -1085 352 -1035 170 -876 66 -639 974 -494 270 1100 -950 318 -582 778 -534 -257 1027 -642 -284 29 -309
22 111
-1040 -709 -79 -765 1078 779 73 -624 432 -131 875 332 -969 -855 -495 -1104 -966 338 -936 959 921 836
33 7
-233 433 1110 2 754 -183 1011 292 -331 1031 644 -1069 82 -520 206 918 546 -28 -76 1046 -591 613 856 -1023 488 899 738 -1074 -758 940 -990 1015 532
20 56
1052 530 769 -397 -133 -933 -692 -534 416 789 -377 -1015 681 -463 -5 909 79 -64 -79 -970
18 28
-287 763 1003 973 -708 -52 -629 -1 -631 -376 -814 -344 -593 511 -857 -503 -637 -702
12 11
-133 1001 -496 -1002 389 -5 -781 1088 496 364 -506 233
5 44
471 -655 17 265 143
32 11
230 451 694 194 -536 -986 -473 53 816 350 -1025 -178 -41 -223 -1036 599 -817 -216 726 -808 551 -794 -817 -509 -605 51 -146 -550 -583 320 -100 -733
25 30
-821 -713 513 -727 332 -43 -776 347 -848 -757 -842 587 103 -645 652 -507 -774 -717 1058 -619 1081 837 -432 1105 486
13 82
-878 -970 -111 -755 109 -990 -1072 -459 405 204 -1050 -493 553
18 82
-530 202 997 694 -141 700 943 995 -10 -236 -458 -936 889 -1097 -347 -776 707 -436
28 68
265 526 262 -43 551 -893 535 785 161 541 -207 -1062 400 331 494 171 730 -5 -222 -409 749 119 -252 -731 396 661 -368 488
3 83
-272 311 573
25 49
182 -809 866 -68 30 -147 554 912 610 -255 -52 -413 -976 724 273 1072 989 -410 -1026 385 -248 620 760 -67 -986
33 94
836 -996 582 149 6 -247 -945 -412 -201 -1092 -782 -369 118 -651 -332 -225 -521 748 202 -275 946 485 -153 -21 930 -773 -614 948 -495 631 633 598 160
9 9
-371 -365 -934 -325 962 273 -410 -1070 -733
2 105
271 776
18 17
-541 1081 -266 -980 616 321 -152 41 860 1066 -13 173 -648 -668 1103 -585 -428 398
5 8
-493 -467 962 -261 -428
9 77
-905 -428 -19 364 993 52 -11 -462 317
18 108
369 -361 87 -803 8 -572 514 -1056 -546 701 706 906 655 -547 -508 -482 929 -941
4 58
-991 -658 981 312
26 95
461 320 318 -1095 1045 313 512 261 -107 120 -568 -420 617 21 199 319 -348 79 336 -641 -607 437 -968 197 -278 514
5 48
520 -34 -1004 -354 493
18 44
122 417 -129 -428 215 -950 -155 -907 357 -159 1077 -30 -140 -439 -1022 -315 294 -847
19 49
659 -196 -310 115 145 -684 248 -521 -1008 8 -147 392 -114 482 921 -35 -1064 -531 690
22 26
941 1024 675 838 661 1026 226 454 -305 718 -336 -920 1082 1054 -761 1047 282 -376 -468 551 -264 246
30 66
-314 -127 1094 -816 222 203 858 -499 -458 -470 -120 -1023 312 837 -192 264 -152 781 236 -833 906 643 700 428 -1037 -447 923 717 853 -970
13 31
-1040 357 -314 797 -528 -480 -411 769 265 830 -952 344 -956
6 83
-793 -608 -587 416 -889 567
9 38
725 785 992 -355 -499 -18 -492 476 -746
24 81
-74 477 1010 -1094 -253 400 -183 -138 -376 443 353 -1067 401 743 444 -159 5 899 88 968 772 -304 -855 -658
15 42
725 -818 551 704 753 -48 -1055 908 -182 -612 935 -406 364 751 -789
31 94
-263 853 -220 -593 420 -786 642 -707 -232 359 -886 -101 -1047 737 506 634 154 280 -920 -394 -829 -110 -760 -1105 472 866 570 960 -162 37 -904
33 11
295 459 -514 789 -727 1033 -441 852 1031 724 22 -587 1072 -1007 -853 -228 -840 318 949 497 350 459 678 -502 -876 -651 -722 1051 -275 237 187 -368 -927
23 105
-475 -1053 369 725 -1066 -488 -529 -661 -837 929 -701 959 420 -255 -553 554 -734 -530 -987 826 417 852 806
21 72
1033 -250 589 913 -726 -419 -33 -33 -809 -738 932 -281 537 -457 -243 -211 1070 800 374 -441 -756
6 93
-880 416 887 1046 -237 -718
11 24
-161 -555 -782 -679 -688 472 -701 -901 871 -730 -522
32 82
-793 1017 -208 978 -287 723 1077 -1097 786 753 672 -617 430 583 -159 -184 412 -520 705 886 844 -279 -548 31 121 -78 -885 -316 1009 446 -238 -735
23 28
1036 588 103 118 -889 525 1007 555 1051 64 670 787 74 -1027 -142 128 -289 -805 -739 -575 -275 -375 -276
21 50
649 76 -975 -1062 788 410 -236 1037 941 940 -1100 -937 -127 -473 345 -740 -1102 -799 271 -1099 414
28 40
-74 -1104 256 802 -20 -447 116 -974 935 -34 941 265 627 378 -252 378 347 230 -337 1082 110 -962 306 1029 -1092 -648 -676 31
20 6
-671 -57 709 734 -57 -306 -777 554 286 222 897 235 1089 311 1011 174 -375 1005 406 -961
20 99
-280 -834 -673 -195 -597 -438 1053 -108 -269 302 533 968 112 -659 739 -432 786 -1074 866 373
13 80
-1081 317 -553 609 702 690 59 861 -538 -769 554 -217 -274
6 113
-1107 -948 7 -1020 -1071 -988
1 68
-493
31 86
-972 -821 63 209 -865 -119 -224 -853 999 240 -370 -965 681 1073 863 -52 -543 -506 -92 -543 -723 997 -738 -507 1105 -973 -983 431 387 -764 905
14 81
-287 908 -309 -466 806 -991 -672 -322 1102 420 -739 1039 1007 -417
12 45
-859 219 81 505 -1074 -227 -35 5 743 -231 721 620
11 92
656 153 -696 -153 439 -774 -375 935 671 -957 716
12 96
774 -628 -707 65 615 -332 386 100 -440 -1028 -722 -468
33 53
-341 -327 988 -1019 190 530 -225 1062 -17 713 -989 -965 -723 472 182 726 1030 1095 278 -112 970 598 -55 234 -44 825 932 -100 874 589 -343 -574 -731
18 50
-1014 -904 -988 372 -578 -1018 -407 -584 768 170 -831 388 -43 -592 931 301 709 609
12 63
-87 619 842 298 -214 -993 -827 -595 -285 -102 1098 -920
30 107
-794 -1001 163 -578 379 -2 551 -18 -758 -793 -327 749 526 182 66 -195 916 168 -358 408 -18 74 478 -456 -766 -370 167 908 -441 -185
17 106
-1082 632 -991 465 976 324 -998 -968 675 -364 -87 448 -842 252 -760 -821 288
33 83
903 -274 539 -341 758 -424 332 -344 -762 -71 683 -72 -458 -307 65 -67 861 -961 -711 704 -998 776 -1088 -855 -113 -454 637 -455 221 731 -70 -892 -355
31 5
532 780 -952 -743 1059 1073 86 782 1060 847 -70 901 929 1055 -330 556 328 712 -546 -1109 551 -949 -451 -212 1087 1103 598 -840 3 -7 -658
20 95
-703 1076 -848 -382 123 165 -172 329 -910 -157 -593 -519 1071 96 785 -849 -1091 -49 -645 -602
17 95
526 -31 896 -725 384 35 -472 -306 -535 246 -949 879 732 -400 -825 -548 -524
31 86
-616 1025 1066 -284 -880 -467 -255 -367 -509 -204 -722 872 1019 253 608 -18 330 535 855 346 -328 -884 133 -646 925 236 387 471 0 485 -1002
4 12
-475 680 675 -898
16 99
-937 -184 -314 540 -813 893 -206 -166 -11 405 1067 746 119 -881 861 -212
20 84
-655 -247 -642 283 -936 384 51 765 -86 731 -63 -608 879 501 476 977 560 -195 562 -775
9 100
-92 511 -166 554 594 374 -478 566 344
13 81
-103 101 5 -953 -757 6 -511 -441 -260 89 65 760 1016
9 26
-92 -540 -1032 432 -149 -644 630 833 -501
4 107
-737 -791 -479 -812
31 58
-437 -582 -608 1034 1018 566 396 -276 -379 -708 -678 811 556 -15 686 220 -656 825 -949 -677 -615 -998 172 262 -957 -330 -822 68 157 -573 -454
17 105
1049 762 701 -1067 -867 113 -241 -665 458 -1013 18 -110 101 246 959 633 -20
18 6
-769 -817 -1104 231 281 595 491 -520 784 164 167 -146 -674 289 125 -380 958 -677
9 15
449 -459 -786 -697 -386 449 -433 -996 807
32 105
-144 419 187 -150 116 -931 -717 -275 -65 -610 -439 352 -489 535 -454 1054 807 -884 356 -620 -169 -930 711 -931 928 -200 177 -804 920 819 365 6
16 27
734 -548 3 -879 208 -400 251 553 -821 229 -160 -795 524 828 -989 0
3 51
436 798 -483
27 41
28 -720 -208 -746 -1105 -875 -771 -686 -903 282 -1027 451 -164 270 -33 131 1093 346 710 -177 418 780 1050 159 -136 75 -376
14 62
-391 -205 693 918 279 800 653 985 -808 797 362 -528 -416 -677
27 64
-636 -398 -823 -8 329 854 -290 -379 220 -570 2 926 826 802 684 1079 -328 889 -698 -610 -843 131 237 70 -5 174 690
12 106
477 -43 109 -489 -1107 354 379 518 -956 -1065 -436 874
29 27
-1101 325 -895 827 -210 575 -84 -492 980 -27 425 -1105 1002 -313 -1030 1012 266 286 -40 -587 -388 310 62 -981 232 1088 -953 -258 -18
29 111
535 634 510 -1070 -524 -283 522 502 -1082 -786 948 768 180 870 236 -529 460 130 -877 413 -717 -351 725 -626 848 -412 1010 -112 -154
25 4
-329 176 -345 240 93 301 -104 -699 987 330 926 -206 -581 -989 -655 -311 -238 -37 -762 -751 668 1015 724 -587 -886
31 102
87 -499 -322 182 204 161 -984 -417 -326 530 -325 5 -581 589 -469 855 -599 -209 1080 103 -635 -545 924 -553 -441 340 -747 -1023 -834 442 377
12 25
-42 897 -1027 -721 -183 -823 -100 -822 -273 -436 973 794
22 75
-26 -566 760 747 9 436 -658 285 351 227 -950 -208 -163 1011 457 273 -677 1003 -169 -502 446 404
23 86
702 524 -437 -271 -271 -1012 -114 157 -247 -601 -879 737 490 -103 543 886 74 -71 267 -364 -298 195 -975
3 18
-89 -780 -951
3 103
-359 -379 916
5 78
-758 -798 -786 180 663
31 66
822 -785 -7 352 -196 437 -1052 -754 897 -860 -1019 718 929 -815 -1104 -770 814 767 -509 513 -452 677 -51 -445 808 -468 -869 568 -188 6 237
15 30
898 -244 -805 -161 225 531 257 1044 692 950 642 -1103 347 100 -198
23 17
-502 -538 176 71 -545 -229 245 -1017 -94 469 -547 -977 268 -839 -524 -24 -454 499 272 -892 -42 -1010 -481
13 32
390 839 1063 592 214 -597 -362 -71 12 1040 634 -339 958
19 52
540 430 -55 202 -229 84 590 406 46 -365 -819 570 736 726 638 828 805 -397 184
32 79
-349 -483 76 -1092 571 -914 1099 245 -591 -261 -304 797 940 -398 534 -691 -676 -374 -869 -351 -523 -326 621 1101 -721 85 661 -585 -796 -686 -416 -791
18 86
411 872 -410 990 393 226 -531 -599 -281 -334 -115 726 -607 425 -297 232 3 127
23 25
-130 -71 -885 -141 -736 517 909 542 865 -692 -1092 -300 638 -139 -959 -46 -7 173 -265 716 -315 212 87
21 47
429 -258 646 -480 42 -13 61 888 1092 -766 59 406 1064 844 -921 -869 264 839 52 765 0
22 62
1012 -1012 -671 -1029 879 -328 386 49 1031 898 -430 -174 1039 -750 -949 -1008 853 -399 -106 -253 -762 380
4 88
-190 -1046 344 -1048
31 42
812 -76 -648 -320 914 -740 219 -755 274 -780 -149 -91 -579 -969 813 37 399 -612 594 -484 -21 -901 70 -340 -968 690 267 -335 1095 -424 -241
12 89
517 31 810 465 -857 -1064 -861 -807 -704 -1027 210 691
21 57
-649 572 368 35 314 -562 -481 670 615 -639 984 80 108 -777 -1016 422 444 837 108 683 -836
31 80
558 -18 488 323 -304 -1099 -403 712 -958 -118 199 390 -1076 -526 -974 604 -221 -82 -846 -458 -908 -520 -771 -674 -270 -744 726 57 905 309 788
7 18
584 -1078 1039 -787 -276 -1057 -930
1 99
-768
10 15
-933 680 -490 42 578 50 136 -76 815 -313
24 89
755 -1053 993 775 380 117 5 188 -143 -496 972 -900 184 -845 609 24 458 -660 22 -1029 -321 754 499 812
24 14
-1017 493 -173 977 675 -146 543 -888 -89 766 198 -960 -47 194 -471 -122 631 -74 -933 768 800 -869 724 -971
7 108
560 -565 231 -281 753 -1005 507
4 52
594 988 -881 311
26 94
-265 -496 362 -865 -600 -109 -405 905 862 1013 -506 493 5 -910 356 -548 358 440 797 1009 -349 -650 999 -452 837 202
14 26
-851 -773 1016 994 962 -922 419 470 -182 801 -402 572 975 -743
20 29
-683 182 -520 804 -838 124 161 -237 60 853 157 -4 -944 397 -309 123 451 -815 -1070 58
28 93
-616 855 421 153 -297 -326 1086 -128 1051 764 193 -755 -73 -945 -917 -911 -145 552 358 390 983 -145 109 -857 -852 214 40 589
15 66
374 -223 545 -265 331 -174 -367 995 627 -265 701 1057 -978 831 793
30 113
530 -1047 582 957 697 925 -589 930 291 552 -718 -437 881 -77 350 -1002 -534 -333 -488 211 221 262 -365 -480 -671 395 -575 -374 786 1002
3 89
-706 303 -265
12 100
-85 275 -953 -1108 -400 -1042 -862 -836 72 360 407 477
1 112
753
10 60
-419 -502 383 242 1037 363 -667 717 292 100
23 82
-824 -503 -578 696 858 -396 -6 90 -220 212 -881 -463 276 712 -968 -567 465 -632 203 -308 587 -671 563
25 7
-296 -330 1031 -949 -399 938 -1107 -975 -286 -317 1029 500 -938 -492 61 330 805 245 -892 -387 -590 -276 -743 -270 -481
21 44
936 605 -332 -717 -1016 -815 -109 818 -1091 914 -801 -448 657 -712 -303 -1103 32 20 -650 1051 175
28 47
-494 -1080 -354 -462 210 -161 486 88 344 -581 759 663 -917 907 391 -688 746 -1052 -563 -572 25 -810 -841 22 700 -119 483 193
32 28
159 -277 507 633 1003 -232 150 -1102 -226 -570 -524 -156 1091 -9 882 996 -686 336 0 -42 -176 -642 -275 592 339 -840 229 -947 927 -388 631 667
20 20
-4 1093 -768 267 -598 387 393 -351 -564 -793 -195 -620 413 -226 -810 286 177 786 719 -1094
18 92
-396 -683 628 547 -860 -1045 419 465 -34 29 750 -731 722 -641 661 968 -327 1055
26 66
53 274 66 223 704 992 -330 823 -770 -550 121 728 604 179 469 -134 632 45 -354 -825 283 -753 -631 1079 -531 545
2 7
727 -1091
33 85
765 -243 -661 -128 -431 -534 -342 879 680 -662 353 -28 -711 -386 590 -34 -943 -502 -624 329 -795 -23 713 424 -103 416 688 562 1009 782 542 -671 266
2 68
-541 -753
26 96
-900 -789 53 -723 823 314 181 -506 411 1080 -461 -1082 -937 893 277 -1061 263 -42 -1082 -862 -686 -931 -844 -994 1063 458
16 80
385 -65 835 -833 815 -779 -275 423 -130 1097 329 624 -375 -964 881 358
16 83
712 -410 -708 79 -288 -690 732 627 395 -430 -316 -654 596 324 964 472
21 80
-1019 984 -471 -820 -72 184 305 -697 247 -844 991 674 -334 239 357 -600 879 -943 -447 -753 194
18 89
-1064 894 -327 -370 902 -757 949 185 452 -322 434 -363 -348 -457 -65 -593 -667 918
33 48
-792 -249 -693 1099 486 941 246 1101 415 770 157 -876 947 881 -750 -150 -771 -941 470 -86 -204 414 -194 -820 1041 440 187 -938 371 53 771 693 -626
13 92
-865 29 304 251 -809 -732 640 -638 -347 -242 -721 -395 -364
24 12
56 -741 814 151 -893 -912 -891 728 -438 -523 -594 -618 534 1069 -927 -603 -435 340 1011 441 -985 -576 1105 125
8 96
-97 -877 774 -121 3 -49 701 340
16 66
653 60 -615 -619 1098 -121 788 -525 -56 494 -227 483 332 606 666 -748
4 12
-431 572 -314 -917
7 108
1081 814 -460 -275 -92 448 782
1 39
-1039
14 108
1074 -990 365 -520 553 642 -144 685 -946 -1074 -17 -889 -381 512
27 91
660 -268 -588 893 831 -763 185 -119 -1077 265 -950 901 -1102 349 -1063 231 -66 -800 389 -40 656 522 -24 -625 4 -95 -190
10 28
-169 -951 38 915 -657 1072 1037 -110 558 75
11 39
-174 -987 -381 -7 -230 -855 1003 849 -413 754 1051
4 15
-673 619 -998 133
4 70
-101 -461 -1070 526
10 51
298 -1012 -830 143 -424 -609 663 -1090 -604 -45
16 24
936 877 -725 -413 1002 -729 -725 -879 -502 -969 -1063 -474 -73 -640 -162 902
2 82
73 543
29 102
449 -521 451 711 -407 732 1080 249 556 977 -1078 -900 143 388 884 -344 456 -966 -768 -583 -118 979 902 702 619 -84 -240 -162 1003
29 37
219 -1014 512 934 364 142 49 639 547 138 -1041 -1093 -116 -628 -1069 579 -123 850 20 -1012 217 471 -562 -6 83 1056 -1085 876 -312
11 42
-691 701 -1087 -732 -1053 33 1016 -970 -78 -361 1077
17 101
388 -304 -95 -533 799 -899 -1094 858 -370 529 -724 -924 355 1007 -588 -621 54
5 43
1059 336 -801 -140 111
10 17
865 -532 469 -239 -1050 -578 -1109 -312 225 -999
23 64
48 509 1081 -591 1091 -301 -281 710 -516 146 -1075 571 -359 226 151 173 1110 555 -1041 433 25 -921 591
5 73
-535 -194 -667 430 -305
8 16
343 -1080 -841 33 -971 999 123 -706
14 11
-397 -221 -64 -540 -488 615 -884 -1023 430 -124 -845 -2 -107 -275
2 74
1108 1006
17 41
-675 440 -369 -518 448 -257 864 -243 135 242 865 -752 299 -341 -192 98 -392
20 51
-943 518 -1017 387 920 25 644 352 367 822 346 -229 317 629 -309 -179 450 383 192 824
19 79
477 -730 609 -1090 284 -491 390 591 -682 970 -1108 50 -765 1079 50 1094 -750 239 -775
5 21
-278 222 1103 -164 516
9 29
-397 -378 556 659 -270 352 1078 761 -569
26 16
139 205 862 -325 605 767 -487 -122 -1033 795 -539 261 324 -456 -928 611 358 -310 -1077 -196 -164 -376 -553 -291 204 196
18 106
-695 756 1102 522 -978 609 -314 -821 161 274 584 224 -175 -751 4 468 -349 -459
3 90
-383 -775 -407
6 84
-1011 -500 -860 -953 -186 -984
14 99
172 940 -475 -807 -127 995 38 -256 717 337 676 -229 29 -103
28 94
-597 82 -766 -717 -938 -442 884 668 -444 -173 524 298 270 566 -923 282 426 -742 18 -2 176 340 603 -7 631 -621 179 -521
12 70
254 92 505 -965 -113 -399 -16 1068 -45 -663 -840 -983
12 62
-262 319 -891 216 -562 -212 123 245 -207 -544 605 -150
11 42
-656 -559 820 452 -513 438 1014 758 304 1094 -884
16 45
-1007 -951 212 -671 888 349 -1070 -836 -480 176 -524 967 607 -855 848 506
8 93
798 -77 -858 763 -256 -881 -467 283
30 81
-795 -552 287 -593 847 367 -140 229 32 390 411 78 826 956 456 863 781 740 -569 85 -668 90 809 330 -931 909 744 913 373 -215
18 73
921 480 1018 -95 -323 -332 339 -864 -82 -987 -343 714 138 614 619 -287 -802 -311
11 8
-359 -305 -218 -566 -29 919 -657 242 -676 -541 -832
18 45
-14 -766 -266 -746 134 884 710 79 -991 -1034 -988 481 -348 -572 -819 827 -782 -918
15 73
-113 -921 851 501 -735 541 383 -6 -503 342 595 -997 -878 937 -1045
11 26
-955 -468 -985 -134 -877 -203 720 706 100 -255 860
17 7
537 724 728 69 1057 1020 -369 -1106 771 617 -229 677 -1080 136 869 362 732
32 54
-660 -554 929 4 -522 -678 684 550 369 197 934 -543 516 471 320 445 -425 229 -900 371 -376 336 517 237 -65 64 -638 715 -652 -826 -1095 -544
26 13
-826 408 -740 1003 -764 -815 -382 685 -984 -784 253 77 927 -753 844 -877 74 -742 -713 -748 80 -1002 404 326 428 -434
5 107
786 952 -676 -186 -262
2 41
-987 -235
3 82
-685 710 -697
32 23
311 -595 -1049 903 -700 -927 444 204 -199 223 100 744 149 -7 860 561 868 -325 -698 769 -773 -753 905 -270 -267 957 345 -1045 -213 499 366 -19
24 35
-511 -986 -534 -406 -778 -821 -487 -274 664 541 -1044 276 -695 800 188 190 782 -156 659 287 604 -74 969 -852
31 50
133 1104 -976 -1052 -381 -337 589 1106 -400 -687 211 230 -1094 406 -49 238 91 668 60 -104 835 799 354 -445 -692 -591 -84 596 -413 -377 890
21 63
849 -1051 385 -890 693 -661 -990 -867 -892 -194 -247 457 895 -675 -22 800 787 1065 -598 624 -739
13 67
-300 489 -116 -250 1089 -184 -356 -11 -800 931 -359 -636 575
7 3
-795 331 89 -895 -817 315 742
30 62
1056 346 614 -926 -666 -210 329 1004 428 1110 -588 839 -468 550 257 572 600 -949 149 521 243 -713 210 -656 -893 -1047 811 541 -634 1017
6 9
-162 -110 7 1075 -136 193
1 88
-980
27 24
150 -334 -779 1038 -534 346 577 -157 926 -195 -318 -101 821 877 -259 140 -713 44 -762 -166 -416 57 439 -616 666 951 263
14 31
166 -488 333 945 909 65 -856 -1068 -962 267 -430 -35 -778 208
28 88
344 869 -284 19 1098 -284 -848 413 1029 906 -1062 13 347 -785 244 193 -435 945 508 -103 -151 422 -587 -233 317 113 -119 -417
18 86
815 -159 -335 799 710 599 314 442 -436 833 -400 1086 -28 -413 687 1043 -1083 -880
29 59
-767 278 -971 744 -430 967 621 -26 -367 444 -519 682 453 -1061 -565 -1027 186 -884 -350 -162 -485 224 1035 211 228 -648 -861 29 -857
31 111
-3 657 -341 923 -522 -434 -399 373 -119 546 -454 -1092 450 432 -21 -840 -169 236 389 546 50 -977 849 793 1063 168 -237 -254 840 8 41
1 57
-45
7 54
601 617 907 -56 -423 1042 -685
24 18
-2 48 -562 993 -1109 868 -576 -1005 97 -963 500 766 -915 -775 668 994 -124 -757 -502 632 -565 683 282 -648
13 33
-739 835 465 378 -586 -375 -418 -877 301 64 -520 -265 30
28 6
-655 -748 479 -57 245 -340 -965 -351 541 356 -664 -800 -564 644 612 -833 972 -40 351 -742 -853 -514 539 -805 547 -965 -1051 -455
7 34
-555 -833 -496 -879 -469 -395 937
26 3
-106 641 615 734 -962 -408 401 -64 -826 495 88 974 631 190 209 554 122 894 -281 119 423 -430 -1072 45 595 579
11 24
-1107 -341 -809 -764 -389 -611 -369 -962 -688 788 -695
18 31
369 232 164 -702 85 -305 153 -76 -786 25 387 833 -939 -570 753 820 -987 145
21 52
571 104 -792 -32 -877 16 1049 -258 -713 809 -269 1052 134 -31 -983 592 -609 885 954 -361 105
33 100
19 -497 -176 -1025 -965 -561 -20 329 899 -1019 682 65 803 634 -350 497 -595 -438 96 -105 314 398 -914 -363 -17 -564 80 1069 -154 619 -178 167 448
14 8
-330 857 495 -111 117 0 941 -577 980 -141 -935 -720 -657 -920
10 78
318 -75 11 225 839 -357 554 -194 63 32
33 52
783 70 -584 954 -177 -608 -819 -941 -341 -648 429 -818 -169 339 860 168 -643 366 -1092 -847 247 123 -997 750 -18 963 698 480 -951 163 -810 54 -518
28 42
-750 -544 -114 -670 13 363 319 -354 330 -928 -1013 659 -437 659 468 23 -618 262 79 -478 -636 -195 794 -56 873 -718 1106 432
14 45
-122 -598 1091 277 182 843 260 1050 698 246 1013 -470 256 -772
9 91
-679 -386 638 -380 -548 -789 840 -836 -814
11 104
325 593 -618 172 973 -289 897 -494 -235 -795 -293
33 77
-817 -94 -994 1016 -114 -876 349 -747 157 -257 -371 686 -358 354 -49 -116 -258 -395 848 -1065 -849 -465 -616 -1058 557 247 543 -435 -967 -116 713 4 -335
27 49
-253 -974 -824 427 -628 191 -378 660 -652 -818 352 -941 -265 -746 865 -814 861 -657 862 494 -29 584 -882 952 413 -551 426
14 11
921 -269 413 -746 1090 17 963 1071 -811 1079 1053 295 -66 198
7 82
1059 -2 -552 22 -576 181 -504
32 53
35 495 281 -602 -1080 -907 -1043 -524 -467 527 324 -837 -433 -660 -150 377 768 631 508 768 940 -881 -559 -102 106 146 -507 310 -210 -849 729 870
33 11
-965 -185 -972 -267 -9 67 -577 -633 -25 -528 -452 428 129 351 -873 823 -165 -184 362 1099 -763 -613 -131 1110 -137 290 1046 -958 -725 -1039 186 666 -346
32 60
-144 531 -707 -45 -87 587 -154 -269 -977 231 210 521 -1035 -227 -240 -110 336 169 994 -566 1064 520 834 -449 680 -122 -3 -699 330 409 40 930
13 28
-921 748 -63 -826 -194 1004 102 -116 -978 -977 1105 451 -513
33 88
-341 -1042 1110 -465 -587 143 827 -136 -846 -945 950 -238 -849 646 -822 240 -888 -7 -1008 398 135 -1028 604 242 215 -368 -172 1106 -848 -126 519 884 -337
7 60
-210 -927 10 -177 754 -669 -1029
6 69
-325 733 229 -925 -693 -56
15 57
-728 435 622 191 -393 -983 -371 487 368 392 -1090 -925 259 347 843
17 86
436 917 -559 207 -493 -329 917 -919 -923 -512 52 -340 -615 810 448 170 219
29 47
-178 -127 412 -1000 731 953 -468 -612 -639 293 -1100 -104 364 881 -476 328 -263 -589 275 -1085 -567 -195 1056 -607 428 792 -664 -92 -381
27 33
-945 -908 93 -9 -721 1027 -986 875 320 -344 1102 -382 -1076 698 382 -249 -222 -105 -862 717 -83 416 316 681 899 -715 -904
10 100
956 659 404 702 -66 -983 398 9 -247 820
6 109
-553 -553 105 -48 -495 -136
22 74
-1058 918 -412 -740 737 570 -512 -1006 -1032 -279 1064 576 892 -515 930 -273 -526 -644 -309 934 432 -992
23 85
-388 -838 -946 35 524 1094 1036 -943 88 592 -694 642 513 -713 698 -692 498 903 207 706 -181 -1068 707
1 113
-768
29 27
463 -91 -74 441 -1096 -1104 1034 -1107 -353 -1056 -382 -675 -115 -990 -430 435 -914 406 -652 149 838 -816 26 -794 -1069 -969 -551 -789 155
13 52
684 396 -563 -315 430 928 -955 36 63 -804 -825 313 -585
28 42
-786 -40 484 -210 -555 395 574 -827 755 40 823 -478 -454 -459 1089 -990 -372 -238 -809 -222 -689 140 570 193 -1076 -266 -429 653
19 35
-938 -848 925 168 972 -38 -326 -621 485 -179 -1065 1081 -867 797 752 559 739 -126 -351
32 17
-878 1051 396 -117 821 -755 -70 494 859 972 -287 -1075 -434 -72 -165 -192 653 -124 986 -760 525 587 -667 548 -178 359 1082 846 -717 1107 583 -913
8 56
-840 -1028 -140 282 493 -388 -841 1089
17 45
245 -34 606 982 -405 520 846 -20 -711 -242 -60 294 -80 -13 1061 -935 218
